 Registered new FactoryMethod: SURF1000
 Registered new FactoryMethod: SegHistogram16
 Registered new FactoryMethod: FaceDetection
 Registered new FactoryMethod: FastFaceDetection
 Registered new FactoryMethod: EigenFace
 Registered new FactoryMethod: GaborGlobal
 Registered new FactoryMethod: GaborFace
 Registered new FactoryMethod: Histogram8
 Registered new FactoryMethod: Histogram16
 Registered new FactoryMethod: SegHistogram8
170 288 170 2

train starts at 0 and ends at 0
test starts at 0 and ends at 2 or 23
train starts at 2 and ends at 23
train: 21 test: 2

train starts at 0 and ends at 0
test starts at 0 and ends at 1 or 13
train starts at 1 and ends at 13
train: 33 test: 3

train starts at 0 and ends at 0
test starts at 0 and ends at 1 or 15
train starts at 1 and ends at 15
train: 47 test: 4

train starts at 0 and ends at 0
test starts at 0 and ends at 1 or 16
train starts at 1 and ends at 16
train: 62 test: 5

train starts at 0 and ends at 0
test starts at 0 and ends at 3 or 35
train starts at 3 and ends at 35
train: 94 test: 8

train starts at 0 and ends at 0
test starts at 0 and ends at 1 or 17
train starts at 1 and ends at 17
train: 110 test: 9

train starts at 0 and ends at 0
test starts at 0 and ends at 5 or 51
train starts at 5 and ends at 51
train: 156 test: 14
[1; 1; 1; 1; 1; 1; 1; 1; 1; 1; 1; 1; 1; 1; 1; 1; 1; 1; 1; 1; 1; 2; 2; 2; 2; 2; 2; 2; 2; 2; 2; 2; 2; 3; 3; 3; 3; 3; 3; 3; 3; 3; 3; 3; 3; 3; 3; 4; 4; 4; 4; 4; 4; 4; 4; 4; 4; 4; 4; 4; 4; 4; 5; 5; 5; 5; 5; 5; 5; 5; 5; 5; 5; 5; 5; 5; 5; 5; 5; 5; 5; 5; 5; 5; 5; 5; 5; 5; 5; 5; 5; 5; 5; 5; 6; 6; 6; 6; 6; 6; 6; 6; 6; 6; 6; 6; 6; 6; 6; 6; 7; 7; 7; 7; 7; 7; 7; 7; 7; 7; 7; 7; 7; 7; 7; 7; 7; 7; 7; 7; 7; 7; 7; 7; 7; 7; 7; 7; 7; 7; 7; 7; 7; 7; 7; 7; 7; 7; 7; 7; 7; 7; 7; 7; 7; 7]
[1; 1; 2; 3; 4; 5; 5; 5; 6; 7; 7; 7; 7; 7]
1 0.00559948
[0.073083162, 0, 0, 0, 0]
[1.8056639e-38, 0, 1.8056639e-38, 0, 0.016072692]
0.0748297
2
1 1
1 0.00297927
[0, 0.052162632, 0, 0, 0]
[1.8056639e-38, 0, 1.8056639e-38, 0, 0.016072692]
0.0545827
2
1 1
1 9.34729e-05
[0, 0, 0, 0, 0.016072692]
[0, 0, 0, 0, 0.016072692]
0.00966814
20
1 2
2 0.00142258
[1.8056639e-38, 0, 1.8056639e-38, 0, 0.016072692]
[1.8056639e-38, 0, 1.8056639e-38, 0, 0.016072692]
0.0377171
32
2 3
3 7.80588e-05
[1.8056639e-38, 0, 1.8056639e-38, 0, 0.016072692]
[1.8056639e-38, 0, 1.8056639e-38, 0, 0.016072692]
0.00883509
46
3 4
4 0.00430741
[1.8056639e-38, 0, 1.8056639e-38, 0, 0.016072692]
[1.8056639e-38, 0, 1.8056639e-38, 0, 0.016072692]
0.0656309
61
4 5
5 0.00168103
[1.8056639e-38, 0, 1.8056639e-38, 0, 0.016072692]
[1.8056639e-38, 0, 1.8056639e-38, 0, 0.016072692]
0.0410003
62
5 5
5 0.000136449
[1.8056639e-38, 0, 1.8056639e-38, 0, 0.016072692]
[1.8056639e-38, 0, 1.8056639e-38, 0, 0.016072692]
0.0116811
62
5 5
5 0.00182621
[1.8056639e-38, 0, 1.8056639e-38, 0, 0.016072692]
[1.8056639e-38, 0, 1.8056639e-38, 0, 0.016072692]
0.0427342
92
5 6
6 0.000817718
[0, 0, 0, 0, 0.016072692]
[0, 0, 0, 0, 0.016072692]
0.0285958
109
6 7
7 0.0122738
[0, 0, 0, 0, 0.016072692]
[0, 0, 0, 0, 0.016072692]
0.110787
110
7 7
7 0.0111471
[0, 0, 0, 0, 0.016072692]
[0, 0, 0, 0, 0.016072692]
0.10558
110
7 7
7 0.00770105
[0, 0, 0, 0, 0.016072692]
[0, 0, 0, 0, 0.016072692]
0.0877556
110
7 7
7 0.0055675
[0, 0, 0, 0, 0.016072692]
[0, 0, 0, 0, 0.016072692]
0.0746157
110
7 7

train starts at 0 and ends at 2
test starts at 2 and ends at 4 or 23
train starts at 4 and ends at 23
train: 21 test: 2

train starts at 0 and ends at 1
test starts at 1 and ends at 2 or 13
train starts at 2 and ends at 13
train: 33 test: 3

train starts at 0 and ends at 1
test starts at 1 and ends at 2 or 15
train starts at 2 and ends at 15
train: 47 test: 4

train starts at 0 and ends at 1
test starts at 1 and ends at 2 or 16
train starts at 2 and ends at 16
train: 62 test: 5

train starts at 0 and ends at 3
test starts at 3 and ends at 6 or 35
train starts at 6 and ends at 35
train: 94 test: 8

train starts at 0 and ends at 1
test starts at 1 and ends at 2 or 17
train starts at 2 and ends at 17
train: 110 test: 9

train starts at 0 and ends at 5
test starts at 5 and ends at 10 or 51
train starts at 10 and ends at 51
train: 156 test: 14
[1; 1; 1; 1; 1; 1; 1; 1; 1; 1; 1; 1; 1; 1; 1; 1; 1; 1; 1; 1; 1; 2; 2; 2; 2; 2; 2; 2; 2; 2; 2; 2; 2; 3; 3; 3; 3; 3; 3; 3; 3; 3; 3; 3; 3; 3; 3; 4; 4; 4; 4; 4; 4; 4; 4; 4; 4; 4; 4; 4; 4; 4; 5; 5; 5; 5; 5; 5; 5; 5; 5; 5; 5; 5; 5; 5; 5; 5; 5; 5; 5; 5; 5; 5; 5; 5; 5; 5; 5; 5; 5; 5; 5; 5; 6; 6; 6; 6; 6; 6; 6; 6; 6; 6; 6; 6; 6; 6; 6; 6; 7; 7; 7; 7; 7; 7; 7; 7; 7; 7; 7; 7; 7; 7; 7; 7; 7; 7; 7; 7; 7; 7; 7; 7; 7; 7; 7; 7; 7; 7; 7; 7; 7; 7; 7; 7; 7; 7; 7; 7; 7; 7; 7; 7; 7; 7]
[1; 1; 2; 3; 4; 5; 5; 5; 6; 7; 7; 7; 7; 7]
1 0.000676384
[1.8056639e-38, 0, 0.020446327, 0, 0]
[1.8056639e-38, 0, 1.8056639e-38, 0, 0.016072692]
0.0260074
2
1 1
1 0.00196016
[1.8060226e-38, 0, 1.8060226e-38, 0.041253179, 0]
[1.8056639e-38, 0, 1.8056639e-38, 0, 0.016072692]
0.0442737
2
1 1
2 4.88863e-05
[0, 0, 0, 0, 0.016072692]
[0, 0, 0, 0, 0.016072692]
0.00699188
22
2 2
3 0.00390367
[1.8056639e-38, 0, 1.8056639e-38, 0, 0.016072692]
[1.8056639e-38, 0, 1.8056639e-38, 0, 0.016072692]
0.0624793
33
3 3
4 0.00165996
[1.8056639e-38, 0, 1.8056639e-38, 0, 0.016072692]
[1.8056639e-38, 0, 1.8056639e-38, 0, 0.016072692]
0.0407426
47
4 4
5 0.000136449
[1.8056639e-38, 0, 1.8056639e-38, 0, 0.016072692]
[1.8056639e-38, 0, 1.8056639e-38, 0, 0.016072692]
0.0116811
64
5 5
5 0.000136449
[1.8056639e-38, 0, 1.8056639e-38, 0, 0.016072692]
[1.8056639e-38, 0, 1.8056639e-38, 0, 0.016072692]
0.0116811
64
5 5
5 0.000274295
[1.8056639e-38, 0, 1.8056639e-38, 0, 0.016072692]
[1.8056639e-38, 0, 1.8056639e-38, 0, 0.016072692]
0.0165618
64
5 5
6 0.00701836
[1.8056639e-38, 0, 1.8056639e-38, 0, 0.016072692]
[1.8056639e-38, 0, 1.8056639e-38, 0, 0.016072692]
0.0837756
94
6 6
7 0.0055675
[0, 0, 0, 0, 0.016072692]
[0, 0, 0, 0, 0.016072692]
0.0746157
114
7 7
7 0.00622327
[0, 0, 0, 0, 0.016072692]
[0, 0, 0, 0, 0.016072692]
0.0788877
114
7 7
7 0.0448491
[0, 0, 0, 0, 0.016072692]
[0, 0, 0, 0, 0.016072692]
0.211776
114
7 7
7 0.054178
[0, 0, 0, 0, 0.016072692]
[0, 0, 0, 0, 0.016072692]
0.232762
114
7 7
7 0.0007444
[0, 0, 0, 0, 0.016072692]
[0, 0, 0, 0, 0.016072692]
0.0272837
115
7 7

train starts at 0 and ends at 4
test starts at 4 and ends at 6 or 23
train starts at 6 and ends at 23
train: 21 test: 2

train starts at 0 and ends at 2
test starts at 2 and ends at 3 or 13
train starts at 3 and ends at 13
train: 33 test: 3

train starts at 0 and ends at 2
test starts at 2 and ends at 3 or 15
train starts at 3 and ends at 15
train: 47 test: 4

train starts at 0 and ends at 2
test starts at 2 and ends at 3 or 16
train starts at 3 and ends at 16
train: 62 test: 5

train starts at 0 and ends at 6
test starts at 6 and ends at 9 or 35
train starts at 9 and ends at 35
train: 94 test: 8

train starts at 0 and ends at 2
test starts at 2 and ends at 3 or 17
train starts at 3 and ends at 17
train: 110 test: 9

train starts at 0 and ends at 10
test starts at 10 and ends at 15 or 51
train starts at 15 and ends at 51
train: 156 test: 14
[1; 1; 1; 1; 1; 1; 1; 1; 1; 1; 1; 1; 1; 1; 1; 1; 1; 1; 1; 1; 1; 2; 2; 2; 2; 2; 2; 2; 2; 2; 2; 2; 2; 3; 3; 3; 3; 3; 3; 3; 3; 3; 3; 3; 3; 3; 3; 4; 4; 4; 4; 4; 4; 4; 4; 4; 4; 4; 4; 4; 4; 4; 5; 5; 5; 5; 5; 5; 5; 5; 5; 5; 5; 5; 5; 5; 5; 5; 5; 5; 5; 5; 5; 5; 5; 5; 5; 5; 5; 5; 5; 5; 5; 5; 6; 6; 6; 6; 6; 6; 6; 6; 6; 6; 6; 6; 6; 6; 6; 6; 7; 7; 7; 7; 7; 7; 7; 7; 7; 7; 7; 7; 7; 7; 7; 7; 7; 7; 7; 7; 7; 7; 7; 7; 7; 7; 7; 7; 7; 7; 7; 7; 7; 7; 7; 7; 7; 7; 7; 7; 7; 7; 7; 7; 7; 7]
[1; 1; 2; 3; 4; 5; 5; 5; 6; 7; 7; 7; 7; 7]
1 0.000676384
[1.8056639e-38, 0, 1.8056639e-38, 0, 0.016072692]
[1.8056639e-38, 0, 0.020446327, 0, 0]
0.0260074
2
1 1
1 0.00441795
[1.8056639e-38, 0, 1.8056639e-38, 0, 0.016072692]
[1.8056639e-38, 0, 1.8056639e-38, 0, 0.016072692]
0.0664676
4
1 1
2 4.88863e-05
[0, 0, 0, 0, 0.016072692]
[0, 0, 0, 0, 0.016072692]
0.00699188
22
2 2
3 0.00717581
[1.8056639e-38, 0, 1.8056639e-38, 0, 0.016072692]
[1.8056639e-38, 0, 1.8056639e-38, 0, 0.016072692]
0.0847102
35
3 3
4 0.00056673
[1.8056639e-38, 0, 1.8056639e-38, 0, 0.016072692]
[1.8056639e-38, 0, 1.8056639e-38, 0, 0.016072692]
0.0238061
49
4 4
5 0.000584571
[1.8056639e-38, 0, 1.8056639e-38, 0, 0.016072692]
[1.8056639e-38, 0, 1.8056639e-38, 0, 0.016072692]
0.0241779
67
5 5
5 0.000599603
[1.8056639e-38, 0, 1.8056639e-38, 0, 0.016072692]
[1.8056639e-38, 0, 1.8056639e-38, 0, 0.016072692]
0.0244868
67
5 5
5 0.000353906
[1.8056639e-38, 0, 1.8056639e-38, 0, 0.016072692]
[1.8056639e-38, 0, 1.8056639e-38, 0, 0.016072692]
0.0188124
68
5 5
6 0.00258047
[1.8056639e-38, 0, 1.8056639e-38, 0, 0.016072692]
[1.8056639e-38, 0, 1.8056639e-38, 0, 0.016072692]
0.0507983
96
6 6
7 0.0007444
[0, 0, 0, 0, 0.016072692]
[0, 0, 0, 0, 0.016072692]
0.0272837
119
7 7
7 0.00504126
[0, 0, 0, 0, 0.016072692]
[0, 0, 0, 0, 0.016072692]
0.0710018
120
7 7
7 0.00483311
[0, 0, 0, 0, 0.016072692]
[0, 0, 0, 0, 0.016072692]
0.0695206
120
7 7
7 0.00482989
[0, 0, 0, 0, 0.016072692]
[0, 0, 0, 0, 0.016072692]
0.0694974
120
7 7
7 0.00106956
[0, 0, 0, 0, 0.016072692]
[0, 0, 0, 0, 0.016072692]
0.0327041
120
7 7

train starts at 0 and ends at 6
test starts at 6 and ends at 8 or 23
train starts at 8 and ends at 23
train: 21 test: 2

train starts at 0 and ends at 3
test starts at 3 and ends at 4 or 13
train starts at 4 and ends at 13
train: 33 test: 3

train starts at 0 and ends at 3
test starts at 3 and ends at 4 or 15
train starts at 4 and ends at 15
train: 47 test: 4

train starts at 0 and ends at 3
test starts at 3 and ends at 4 or 16
train starts at 4 and ends at 16
train: 62 test: 5

train starts at 0 and ends at 9
test starts at 9 and ends at 12 or 35
train starts at 12 and ends at 35
train: 94 test: 8

train starts at 0 and ends at 3
test starts at 3 and ends at 4 or 17
train starts at 4 and ends at 17
train: 110 test: 9

train starts at 0 and ends at 15
test starts at 15 and ends at 20 or 51
train starts at 20 and ends at 51
train: 156 test: 14
[1; 1; 1; 1; 1; 1; 1; 1; 1; 1; 1; 1; 1; 1; 1; 1; 1; 1; 1; 1; 1; 2; 2; 2; 2; 2; 2; 2; 2; 2; 2; 2; 2; 3; 3; 3; 3; 3; 3; 3; 3; 3; 3; 3; 3; 3; 3; 4; 4; 4; 4; 4; 4; 4; 4; 4; 4; 4; 4; 4; 4; 4; 5; 5; 5; 5; 5; 5; 5; 5; 5; 5; 5; 5; 5; 5; 5; 5; 5; 5; 5; 5; 5; 5; 5; 5; 5; 5; 5; 5; 5; 5; 5; 5; 6; 6; 6; 6; 6; 6; 6; 6; 6; 6; 6; 6; 6; 6; 6; 6; 7; 7; 7; 7; 7; 7; 7; 7; 7; 7; 7; 7; 7; 7; 7; 7; 7; 7; 7; 7; 7; 7; 7; 7; 7; 7; 7; 7; 7; 7; 7; 7; 7; 7; 7; 7; 7; 7; 7; 7; 7; 7; 7; 7; 7; 7]
[1; 1; 2; 3; 4; 5; 5; 5; 6; 7; 7; 7; 7; 7]
1 0.00188986
[1.8056639e-38, 0, 1.8056639e-38, 0, 0.016072692]
[1.8056639e-38, 0, 1.8056639e-38, 0, 0.016072692]
0.0434725
6
1 1
1 0.000481543
[1.8056639e-38, 0, 1.8056639e-38, 0, 0.016072692]
[1.8056639e-38, 0, 1.8056639e-38, 0, 0.016072692]
0.0219441
6
1 1
2 0.000184012
[0, 0, 0, 0, 0.016072692]
[0, 0, 0, 0, 0.016072692]
0.0135651
24
2 2
3 0.00717581
[1.8056639e-38, 0, 1.8056639e-38, 0, 0.016072692]
[1.8056639e-38, 0, 1.8056639e-38, 0, 0.016072692]
0.0847102
35
3 3
4 0.00056673
[1.8056639e-38, 0, 1.8056639e-38, 0, 0.016072692]
[1.8056639e-38, 0, 1.8056639e-38, 0, 0.016072692]
0.0238061
49
4 4
5 0.000353906
[1.8056639e-38, 0, 1.8056639e-38, 0, 0.016072692]
[1.8056639e-38, 0, 1.8056639e-38, 0, 0.016072692]
0.0188124
70
5 5
5 0.000786955
[1.8056639e-38, 0, 1.8056639e-38, 0, 0.016072692]
[1.8056639e-38, 0, 1.8056639e-38, 0, 0.016072692]
0.0280527
71
5 5
5 0.000390656
[1.8056639e-38, 0, 1.8056639e-38, 0, 0.016072692]
[1.8056639e-38, 0, 1.8056639e-38, 0, 0.016072692]
0.019765
71
5 5
6 0.00258047
[1.8056639e-38, 0, 1.8056639e-38, 0, 0.016072692]
[1.8056639e-38, 0, 1.8056639e-38, 0, 0.016072692]
0.0507983
96
6 6
7 0.00106956
[0, 0, 0, 0, 0.016072692]
[0, 0, 0, 0, 0.016072692]
0.0327041
124
7 7
7 0.0104897
[0, 0, 0, 0, 0.016072692]
[0, 0, 0, 0, 0.016072692]
0.102419
124
7 7
7 0.0104954
[0, 0, 0, 0, 0.016072692]
[0, 0, 0, 0, 0.016072692]
0.102447
124
7 7
7 0.0131929
[0, 0, 0, 0, 0.016072692]
[0, 0, 0, 0, 0.016072692]
0.11486
124
7 7
7 0.0151139
[0, 0, 0, 0, 0.016072692]
[0, 0, 0, 0, 0.016072692]
0.122939
124
7 7

train starts at 0 and ends at 8
test starts at 8 and ends at 10 or 23
train starts at 10 and ends at 23
train: 21 test: 2

train starts at 0 and ends at 4
test starts at 4 and ends at 5 or 13
train starts at 5 and ends at 13
train: 33 test: 3

train starts at 0 and ends at 4
test starts at 4 and ends at 5 or 15
train starts at 5 and ends at 15
train: 47 test: 4

train starts at 0 and ends at 4
test starts at 4 and ends at 5 or 16
train starts at 5 and ends at 16
train: 62 test: 5

train starts at 0 and ends at 12
test starts at 12 and ends at 15 or 35
train starts at 15 and ends at 35
train: 94 test: 8

train starts at 0 and ends at 4
test starts at 4 and ends at 5 or 17
train starts at 5 and ends at 17
train: 110 test: 9

train starts at 0 and ends at 20
test starts at 20 and ends at 25 or 51
train starts at 25 and ends at 51
train: 156 test: 14
[1; 1; 1; 1; 1; 1; 1; 1; 1; 1; 1; 1; 1; 1; 1; 1; 1; 1; 1; 1; 1; 2; 2; 2; 2; 2; 2; 2; 2; 2; 2; 2; 2; 3; 3; 3; 3; 3; 3; 3; 3; 3; 3; 3; 3; 3; 3; 4; 4; 4; 4; 4; 4; 4; 4; 4; 4; 4; 4; 4; 4; 4; 5; 5; 5; 5; 5; 5; 5; 5; 5; 5; 5; 5; 5; 5; 5; 5; 5; 5; 5; 5; 5; 5; 5; 5; 5; 5; 5; 5; 5; 5; 5; 5; 6; 6; 6; 6; 6; 6; 6; 6; 6; 6; 6; 6; 6; 6; 6; 6; 7; 7; 7; 7; 7; 7; 7; 7; 7; 7; 7; 7; 7; 7; 7; 7; 7; 7; 7; 7; 7; 7; 7; 7; 7; 7; 7; 7; 7; 7; 7; 7; 7; 7; 7; 7; 7; 7; 7; 7; 7; 7; 7; 7; 7; 7]
[1; 1; 2; 3; 4; 5; 5; 5; 6; 7; 7; 7; 7; 7]
1 0.000481543
[1.8056639e-38, 0, 1.8056639e-38, 0, 0.016072692]
[1.8056639e-38, 0, 1.8056639e-38, 0, 0.016072692]
0.0219441
7
1 1
1 0.00493206
[1.8056639e-38, 0, 1.8056639e-38, 0, 0.016072692]
[1.8056639e-38, 0, 1.8056639e-38, 0, 0.016072692]
0.0702286
7
1 1
2 0.000184012
[0, 0, 0, 0, 0.016072692]
[0, 0, 0, 0, 0.016072692]
0.0135651
24
2 2
3 0.00597218
[1.8056639e-38, 0, 1.8056639e-38, 0, 0.016072692]
[1.8056639e-38, 0, 1.8056639e-38, 0, 0.016072692]
0.0772799
37
3 3
4 0.00167947
[1.8056639e-38, 0, 1.8056639e-38, 0, 0.016072692]
[1.8056639e-38, 0, 1.8056639e-38, 0, 0.016072692]
0.0409814
51
4 4
5 0.000390656
[1.8056639e-38, 0, 1.8056639e-38, 0, 0.016072692]
[1.8056639e-38, 0, 1.8056639e-38, 0, 0.016072692]
0.019765
73
5 5
5 0.00045464
[1.8056639e-38, 0, 1.8056639e-38, 0, 0.016072692]
[1.8056639e-38, 0, 1.8056639e-38, 0, 0.016072692]
0.0213223
73
5 5
5 1.39292e-17
[1.8056639e-38, 0, 1.8056639e-38, 0, 0.016072692]
[1.8056639e-38, 0, 1.8056639e-38, 0, 0.016072692]
3.73218e-09
74
5 5
6 0.00134122
[1.8056639e-38, 0, 1.8056639e-38, 0, 0.016072692]
[1.8056639e-38, 0, 1.8056639e-38, 0, 0.016072692]
0.0366227
98
6 6
7 0.0107339
[0, 0, 0, 0, 0.016072692]
[0, 0, 0, 0, 0.016072692]
0.103604
130
7 7
7 0.00239318
[0, 0, 0, 0, 0.016072692]
[0, 0, 0, 0, 0.016072692]
0.0489201
130
7 7
7 0.0023479
[0, 0, 0, 0, 0.016072692]
[0, 0, 0, 0, 0.016072692]
0.0484551
130
7 7
7 0.00232032
[0, 0, 0, 0, 0.016072692]
[0, 0, 0, 0, 0.016072692]
0.0481697
130
7 7
7 0.00208814
[0, 0, 0, 0, 0.016072692]
[0, 0, 0, 0, 0.016072692]
0.0456962
130
7 7

train starts at 0 and ends at 10
test starts at 10 and ends at 12 or 23
train starts at 12 and ends at 23
train: 21 test: 2

train starts at 0 and ends at 5
test starts at 5 and ends at 6 or 13
train starts at 6 and ends at 13
train: 33 test: 3

train starts at 0 and ends at 5
test starts at 5 and ends at 6 or 15
train starts at 6 and ends at 15
train: 47 test: 4

train starts at 0 and ends at 5
test starts at 5 and ends at 6 or 16
train starts at 6 and ends at 16
train: 62 test: 5

train starts at 0 and ends at 15
test starts at 15 and ends at 18 or 35
train starts at 18 and ends at 35
train: 94 test: 8

train starts at 0 and ends at 5
test starts at 5 and ends at 6 or 17
train starts at 6 and ends at 17
train: 110 test: 9

train starts at 0 and ends at 25
test starts at 25 and ends at 30 or 51
train starts at 30 and ends at 51
train: 156 test: 14
[1; 1; 1; 1; 1; 1; 1; 1; 1; 1; 1; 1; 1; 1; 1; 1; 1; 1; 1; 1; 1; 2; 2; 2; 2; 2; 2; 2; 2; 2; 2; 2; 2; 3; 3; 3; 3; 3; 3; 3; 3; 3; 3; 3; 3; 3; 3; 4; 4; 4; 4; 4; 4; 4; 4; 4; 4; 4; 4; 4; 4; 4; 5; 5; 5; 5; 5; 5; 5; 5; 5; 5; 5; 5; 5; 5; 5; 5; 5; 5; 5; 5; 5; 5; 5; 5; 5; 5; 5; 5; 5; 5; 5; 5; 6; 6; 6; 6; 6; 6; 6; 6; 6; 6; 6; 6; 6; 6; 6; 6; 7; 7; 7; 7; 7; 7; 7; 7; 7; 7; 7; 7; 7; 7; 7; 7; 7; 7; 7; 7; 7; 7; 7; 7; 7; 7; 7; 7; 7; 7; 7; 7; 7; 7; 7; 7; 7; 7; 7; 7; 7; 7; 7; 7; 7; 7]
[1; 1; 2; 3; 4; 5; 5; 5; 6; 7; 7; 7; 7; 7]
1 0.00419391
[0, 0, 0, 0, 0.016072692]
[0, 0, 0, 0, 0.016072692]
0.0647604
10
1 1
1 0.00116676
[0, 0, 0, 0, 0.016072692]
[0, 0, 0, 0, 0.016072692]
0.0341579
10
1 1
2 0.00143561
[0, 0, 0, 0, 0.016072692]
[0, 0, 0, 0, 0.016072692]
0.0378895
25
2 2
3 0.00285617
[1.8056639e-38, 0, 1.8056639e-38, 0, 0.016072692]
[1.8056639e-38, 0, 1.8056639e-38, 0, 0.016072692]
0.0534431
38
3 3
4 0.000587503
[1.8056639e-38, 0, 1.8056639e-38, 0, 0.016072692]
[1.8056639e-38, 0, 1.8056639e-38, 0, 0.016072692]
0.0242385
52
4 4
5 1.39292e-17
[1.8056639e-38, 0, 1.8056639e-38, 0, 0.016072692]
[1.8056639e-38, 0, 1.8056639e-38, 0, 0.016072692]
3.73218e-09
76
5 5
5 0.000572058
[1.8056639e-38, 0, 1.8056639e-38, 0, 0.016072692]
[1.8056639e-38, 0, 1.8056639e-38, 0, 0.016072692]
0.0239177
77
5 5
5 0.000520592
[1.8056639e-38, 0, 1.8056639e-38, 0, 0.016072692]
[1.8056639e-38, 0, 1.8056639e-38, 0, 0.016072692]
0.0228165
77
5 5
6 0.00134122
[1.8056639e-38, 0, 1.8056639e-38, 0, 0.016072692]
[1.8056639e-38, 0, 1.8056639e-38, 0, 0.016072692]
0.0366227
98
6 6
7 0.00208814
[0, 0, 0, 0, 0.016072692]
[0, 0, 0, 0, 0.016072692]
0.0456962
134
7 7
7 0.00225459
[0, 0, 0, 0, 0.016072692]
[0, 0, 0, 0, 0.016072692]
0.0474825
134
7 7
7 0.00705038
[0, 0, 0, 0, 0.016072692]
[0, 0, 0, 0, 0.016072692]
0.0839665
134
7 7
7 0.023526
[0, 0, 0, 0, 0.016072692]
[0, 0, 0, 0, 0.016072692]
0.153382
135
7 7
7 0.0233495
[0, 0, 0, 0, 0.016072692]
[0, 0, 0, 0, 0.016072692]
0.152805
135
7 7

train starts at 0 and ends at 12
test starts at 12 and ends at 14 or 23
train starts at 14 and ends at 23
train: 21 test: 2

train starts at 0 and ends at 6
test starts at 6 and ends at 7 or 13
train starts at 7 and ends at 13
train: 33 test: 3

train starts at 0 and ends at 6
test starts at 6 and ends at 7 or 15
train starts at 7 and ends at 15
train: 47 test: 4

train starts at 0 and ends at 6
test starts at 6 and ends at 7 or 16
train starts at 7 and ends at 16
train: 62 test: 5

train starts at 0 and ends at 18
test starts at 18 and ends at 21 or 35
train starts at 21 and ends at 35
train: 94 test: 8

train starts at 0 and ends at 6
test starts at 6 and ends at 7 or 17
train starts at 7 and ends at 17
train: 110 test: 9

train starts at 0 and ends at 30
test starts at 30 and ends at 35 or 51
train starts at 35 and ends at 51
train: 156 test: 14
[1; 1; 1; 1; 1; 1; 1; 1; 1; 1; 1; 1; 1; 1; 1; 1; 1; 1; 1; 1; 1; 2; 2; 2; 2; 2; 2; 2; 2; 2; 2; 2; 2; 3; 3; 3; 3; 3; 3; 3; 3; 3; 3; 3; 3; 3; 3; 4; 4; 4; 4; 4; 4; 4; 4; 4; 4; 4; 4; 4; 4; 4; 5; 5; 5; 5; 5; 5; 5; 5; 5; 5; 5; 5; 5; 5; 5; 5; 5; 5; 5; 5; 5; 5; 5; 5; 5; 5; 5; 5; 5; 5; 5; 5; 6; 6; 6; 6; 6; 6; 6; 6; 6; 6; 6; 6; 6; 6; 6; 6; 7; 7; 7; 7; 7; 7; 7; 7; 7; 7; 7; 7; 7; 7; 7; 7; 7; 7; 7; 7; 7; 7; 7; 7; 7; 7; 7; 7; 7; 7; 7; 7; 7; 7; 7; 7; 7; 7; 7; 7; 7; 7; 7; 7; 7; 7]
[1; 1; 2; 3; 4; 5; 5; 5; 6; 7; 7; 7; 7; 7]
1 0.00116676
[0, 0, 0, 0, 0.016072692]
[0, 0, 0, 0, 0.016072692]
0.0341579
11
1 1
1 0.00221625
[0, 0, 0, 0, 0.016072692]
[0, 0, 0, 0, 0.016072692]
0.0470771
12
1 1
2 0.00399023
[0, 0, 0, 0, 0.016072692]
[0, 0, 0, 0, 0.016072692]
0.0631682
26
2 2
3 0.00285617
[1.8056639e-38, 0, 1.8056639e-38, 0, 0.016072692]
[1.8056639e-38, 0, 1.8056639e-38, 0, 0.016072692]
0.0534431
38
3 3
4 6.98453e-19
[1.8056639e-38, 0, 1.8056639e-38, 0, 0.016072692]
[1.8056639e-38, 0, 1.8056639e-38, 0, 0.016072692]
8.35735e-10
53
4 4
5 0.000520592
[1.8056639e-38, 0, 1.8056639e-38, 0, 0.016072692]
[1.8056639e-38, 0, 1.8056639e-38, 0, 0.016072692]
0.0228165
79
5 5
5 0.00156073
[1.8056639e-38, 0, 1.8056639e-38, 0, 0.016072692]
[1.8056639e-38, 0, 1.8056639e-38, 0, 0.016072692]
0.039506
79
5 5
5 0.00110312
[1.8056639e-38, 0, 1.8056639e-38, 0, 0.016072692]
[1.8056639e-38, 0, 1.8056639e-38, 0, 0.016072692]
0.0332132
80
5 5
6 0.00315729
[1.8056639e-38, 0, 1.8056639e-38, 0, 0.016072692]
[0, 0, 0, 0, 0.016072692]
0.0561898
100
6 6
7 0.0233495
[0, 0, 0, 0, 0.016072692]
[0, 0, 0, 0, 0.016072692]
0.152805
139
7 7
7 0.024984
[0, 0, 0, 0, 0.016072692]
[0, 0, 0, 0, 0.016072692]
0.158063
139
7 7
7 0.0353486
[0, 0, 0, 0, 0.016072692]
[0, 0, 0, 0, 0.016072692]
0.188012
140
7 7
7 0.0332928
[0, 0, 0, 0, 0.016072692]
[0, 0, 0, 0, 0.016072692]
0.182463
140
7 7
7 0.0331665
[0, 0, 0, 0, 0.016072692]
[0, 0, 0, 0, 0.016072692]
0.182117
140
7 7

train starts at 0 and ends at 14
test starts at 14 and ends at 16 or 23
train starts at 16 and ends at 23
train: 21 test: 2

train starts at 0 and ends at 7
test starts at 7 and ends at 8 or 13
train starts at 8 and ends at 13
train: 33 test: 3

train starts at 0 and ends at 7
test starts at 7 and ends at 8 or 15
train starts at 8 and ends at 15
train: 47 test: 4

train starts at 0 and ends at 7
test starts at 7 and ends at 8 or 16
train starts at 8 and ends at 16
train: 62 test: 5

train starts at 0 and ends at 21
test starts at 21 and ends at 24 or 35
train starts at 24 and ends at 35
train: 94 test: 8

train starts at 0 and ends at 7
test starts at 7 and ends at 8 or 17
train starts at 8 and ends at 17
train: 110 test: 9

train starts at 0 and ends at 35
test starts at 35 and ends at 40 or 51
train starts at 40 and ends at 51
train: 156 test: 14
[1; 1; 1; 1; 1; 1; 1; 1; 1; 1; 1; 1; 1; 1; 1; 1; 1; 1; 1; 1; 1; 2; 2; 2; 2; 2; 2; 2; 2; 2; 2; 2; 2; 3; 3; 3; 3; 3; 3; 3; 3; 3; 3; 3; 3; 3; 3; 4; 4; 4; 4; 4; 4; 4; 4; 4; 4; 4; 4; 4; 4; 4; 5; 5; 5; 5; 5; 5; 5; 5; 5; 5; 5; 5; 5; 5; 5; 5; 5; 5; 5; 5; 5; 5; 5; 5; 5; 5; 5; 5; 5; 5; 5; 5; 6; 6; 6; 6; 6; 6; 6; 6; 6; 6; 6; 6; 6; 6; 6; 6; 7; 7; 7; 7; 7; 7; 7; 7; 7; 7; 7; 7; 7; 7; 7; 7; 7; 7; 7; 7; 7; 7; 7; 7; 7; 7; 7; 7; 7; 7; 7; 7; 7; 7; 7; 7; 7; 7; 7; 7; 7; 7; 7; 7; 7; 7]
[1; 1; 2; 3; 4; 5; 5; 5; 6; 7; 7; 7; 7; 7]
1 0.00221625
[0, 0, 0, 0, 0.016072692]
[0, 0, 0, 0, 0.016072692]
0.0470771
13
1 1
1 0.00289601
[1.8056639e-38, 0, 1.8056639e-38, 0, 0.016072692]
[0, 0, 0, 0, 0.016072692]
0.0538146
13
1 1
2 8.93921e-05
[0, 0, 0, 0, 0.016072692]
[0, 0, 0, 0, 0.016072692]
0.00945474
28
2 2
3 0.00412772
[1.8056639e-38, 0, 1.8056639e-38, 0, 0.016072692]
[1.8056639e-38, 0, 1.8056639e-38, 0, 0.016072692]
0.0642473
39
3 3
4 6.98453e-19
[1.8056639e-38, 0, 1.8056639e-38, 0, 0.016072692]
[1.8056639e-38, 0, 1.8056639e-38, 0, 0.016072692]
8.35735e-10
53
4 4
5 0.00110312
[1.8056639e-38, 0, 1.8056639e-38, 0, 0.016072692]
[1.8056639e-38, 0, 1.8056639e-38, 0, 0.016072692]
0.0332132
82
5 5
5 0.00184446
[1.8056639e-38, 0, 1.8056639e-38, 0, 0.016072692]
[1.8056639e-38, 0, 1.8056639e-38, 0, 0.016072692]
0.0429472
82
5 5
5 5.93777e-18
[1.8056639e-38, 0, 1.8056639e-38, 0, 0.016072692]
[1.8056639e-38, 0, 1.8056639e-38, 0, 0.016072692]
2.43675e-09
83
5 5
6 0.00185503
[0, 0, 0, 0, 0.016072692]
[0, 0, 0, 0, 0.016072692]
0.0430701
101
6 6
7 0.0226062
[0, 0, 0, 0, 0.016072692]
[0, 0, 0, 0, 0.016072692]
0.150354
145
7 7
7 0.0226046
[0, 0, 0, 0, 0.016072692]
[0, 0, 0, 0, 0.016072692]
0.150348
145
7 7
7 0.0194023
[0, 0, 0, 0, 0.016072692]
[0, 0, 0, 0, 0.016072692]
0.139292
145
7 7
7 0.0175782
[0, 0, 0, 0, 0.016072692]
[0, 0, 0, 0, 0.016072692]
0.132583
145
7 7
7 0.00334714
[0, 0, 0, 0, 0.016072692]
[0, 0, 0, 0, 0.016072692]
0.0578545
145
7 7

train starts at 0 and ends at 16
test starts at 16 and ends at 18 or 23
train starts at 18 and ends at 23
train: 21 test: 2

train starts at 0 and ends at 8
test starts at 8 and ends at 9 or 13
train starts at 9 and ends at 13
train: 33 test: 3

train starts at 0 and ends at 8
test starts at 8 and ends at 9 or 15
train starts at 9 and ends at 15
train: 47 test: 4

train starts at 0 and ends at 8
test starts at 8 and ends at 9 or 16
train starts at 9 and ends at 16
train: 62 test: 5

train starts at 0 and ends at 24
test starts at 24 and ends at 27 or 35
train starts at 27 and ends at 35
train: 94 test: 8

train starts at 0 and ends at 8
test starts at 8 and ends at 9 or 17
train starts at 9 and ends at 17
train: 110 test: 9

train starts at 0 and ends at 40
test starts at 40 and ends at 45 or 51
train starts at 45 and ends at 51
train: 156 test: 14
[1; 1; 1; 1; 1; 1; 1; 1; 1; 1; 1; 1; 1; 1; 1; 1; 1; 1; 1; 1; 1; 2; 2; 2; 2; 2; 2; 2; 2; 2; 2; 2; 2; 3; 3; 3; 3; 3; 3; 3; 3; 3; 3; 3; 3; 3; 3; 4; 4; 4; 4; 4; 4; 4; 4; 4; 4; 4; 4; 4; 4; 4; 5; 5; 5; 5; 5; 5; 5; 5; 5; 5; 5; 5; 5; 5; 5; 5; 5; 5; 5; 5; 5; 5; 5; 5; 5; 5; 5; 5; 5; 5; 5; 5; 6; 6; 6; 6; 6; 6; 6; 6; 6; 6; 6; 6; 6; 6; 6; 6; 7; 7; 7; 7; 7; 7; 7; 7; 7; 7; 7; 7; 7; 7; 7; 7; 7; 7; 7; 7; 7; 7; 7; 7; 7; 7; 7; 7; 7; 7; 7; 7; 7; 7; 7; 7; 7; 7; 7; 7; 7; 7; 7; 7; 7; 7]
[1; 1; 2; 3; 4; 5; 5; 5; 6; 7; 7; 7; 7; 7]
1 0.000855803
[1.8056639e-38, 0, 1.8056639e-38, 0, 0.016072692]
[1.8056639e-38, 0, 1.8056639e-38, 0, 0.016072692]
0.0292541
16
1 1
1 0.000747123
[1.8056639e-38, 0, 1.8056639e-38, 0, 0.016072692]
[1.8056639e-38, 0, 1.8056639e-38, 0, 0.016072692]
0.0273336
16
1 1
2 8.93921e-05
[0, 0, 0, 0, 0.016072692]
[0, 0, 0, 0, 0.016072692]
0.00945474
28
2 2
3 0.00693796
[1.8056639e-38, 0, 1.8056639e-38, 0, 0.016072692]
[1.8056639e-38, 0, 1.8056639e-38, 0, 0.016072692]
0.0832944
41
3 3
4 0.000236005
[1.8056639e-38, 0, 1.8056639e-38, 0, 0.016072692]
[1.8056639e-38, 0, 1.8056639e-38, 0, 0.016072692]
0.0153625
53
4 4
5 5.93777e-18
[1.8056639e-38, 0, 1.8056639e-38, 0, 0.016072692]
[1.8056639e-38, 0, 1.8056639e-38, 0, 0.016072692]
2.43675e-09
85
5 5
5 0.000886962
[1.8056639e-38, 0, 1.8056639e-38, 0, 0.016072692]
[1.8056639e-38, 0, 1.8056639e-38, 0, 0.016072692]
0.0297819
85
5 5
5 2.12502e-20
[1.8056639e-38, 0, 1.8056639e-38, 0, 0.016072692]
[1.8056639e-38, 0, 1.8056639e-38, 0, 0.016072692]
1.45775e-10
86
5 5
6 0.00185503
[0, 0, 0, 0, 0.016072692]
[0, 0, 0, 0, 0.016072692]
0.0430701
101
6 6
7 0.00334714
[0, 0, 0, 0, 0.016072692]
[0, 0, 0, 0, 0.016072692]
0.0578545
149
7 7
7 0.00388595
[0, 0, 0, 0, 0.016072692]
[0, 0, 0, 0, 0.016072692]
0.0623374
149
7 7
7 0.00388595
[0, 0, 0, 0, 0.016072692]
[0, 0, 0, 0, 0.016072692]
0.0623374
149
7 7
7 0.00443861
[0, 0, 0, 0, 0.016072692]
[0, 0, 0, 0, 0.016072692]
0.0666229
149
7 7
7 9.66252e-05
[1.8056639e-38, 0, 1.8056639e-38, 0, 0.016072692]
[1.8056639e-38, 0, 1.8056639e-38, 0, 0.016072692]
0.00982981
150
7 7
Validate all

kNN
0;18;8;8;8;26;8;44;
0;0;1;1;1;1;1;1;

0;0;0;0;0;0;0;0;
0;18;0;0;0;0;0;0;
0;1;8;0;0;0;0;0;
0;0;1;8;0;0;0;0;
0;0;0;1;8;0;0;0;
0;0;0;0;1;26;0;0;
0;0;0;0;0;1;8;0;
0;0;0;0;0;0;1;44;
Accuracy: 0.952381



Validate all

kNN
0;18;8;8;8;26;8;44;
0;0;1;1;1;1;1;1;

0;0;0;0;0;0;0;0;
0;18;0;0;0;0;0;0;
0;1;8;0;0;0;0;0;
0;0;1;8;0;0;0;0;
0;0;0;1;8;0;0;0;
0;0;0;0;1;26;0;0;
0;0;0;0;0;1;8;0;
0;0;0;0;0;0;1;44;
Accuracy: 0.952381



